pachume.swf Movie Report
-------------------------

Frame #    Frame Bytes    Total Bytes    Scene
-------    -----------    -----------    ----------------
      1           4775           4775    Scene 1 (AS 1.0 Classes Export Frame)
      2             24           4799    
      3             24           4823    
      4             24           4847    
      5             19           4866    
      6             23           4889    
      7             23           4912    
      8             18           4930    
      9             22           4952    
     10             22           4974    
     11             22           4996    
     12             22           5018    
     13             22           5040    
     14             22           5062    
     15             22           5084    
     16             22           5106    
     17             22           5128    
     18             22           5150    
     19             22           5172    
     20             22           5194    
     21             22           5216    
     22             22           5238    
     23             22           5260    
     24             22           5282    
     25             22           5304    
     26             22           5326    
     27             22           5348    
     28             22           5370    
     29             22           5392    
     30             22           5414    
     31             22           5436    
     32             22           5458    
     33             22           5480    
     34             22           5502    
     35             22           5524    
     36             22           5546    
     37             22           5568    
     38             22           5590    
     39             22           5612    
     40            167           5779    
     41             34           5813    
     42             34           5847    
     43             34           5881    
     44             29           5910    
     45             33           5943    
     46             33           5976    
     47             28           6004    
     48             32           6036    
     49             32           6068    
     50             32           6100    
     51             32           6132    
     52             32           6164    
     53             32           6196    
     54             32           6228    
     55             32           6260    
     56             32           6292    
     57             32           6324    
     58             32           6356    
     59             32           6388    
     60             32           6420    
     61             22           6442    
     62             22           6464    
     63             22           6486    
     64             22           6508    
     65             22           6530    
     66             22           6552    
     67             22           6574    
     68             22           6596    
     69             22           6618    
     70             22           6640    
     71             22           6662    
     72             22           6684    
     73             22           6706    
     74             22           6728    
     75             22           6750    
     76             22           6772    
     77             22           6794    
     78             22           6816    
     79             22           6838    
     80             52           6890    
     81             23           6913    
     82             23           6936    
     83             23           6959    
     84             18           6977    
     85             22           6999    
     86             22           7021    
     87             22           7043    
     88             22           7065    
     89             22           7087    
     90             22           7109    
     91             22           7131    
     92             22           7153    
     93             22           7175    
     94             22           7197    
     95             22           7219    
     96             22           7241    
     97             22           7263    
     98             22           7285    
     99             40           7325    
    100             23           7348    
    101             23           7371    
    102             23           7394    
    103             23           7417    
    104             23           7440    
    105             23           7463    
    106             18           7481    
    107             22           7503    
    108             22           7525    
    109             22           7547    
    110             22           7569    
    111             22           7591    
    112             22           7613    
    113             22           7635    
    114             22           7657    
    115             22           7679    
    116             22           7701    
    117             22           7723    
    118             22           7745    
    119             22           7767    
    120             47           7814    
    121             23           7837    
    122             23           7860    
    123             23           7883    
    124             18           7901    
    125             22           7923    
    126             22           7945    
    127             22           7967    
    128             22           7989    
    129             22           8011    
    130             22           8033    
    131             22           8055    
    132             22           8077    
    133             22           8099    
    134             22           8121    
    135             22           8143    
    136             22           8165    
    137             22           8187    
    138             22           8209    
    139             22           8231    
    140             22           8253    
    141             22           8275    
    142             22           8297    
    143             22           8319    
    144             22           8341    
    145             22           8363    
    146             22           8385    
    147             22           8407    
    148             22           8429    
    149             22           8451    
    150             22           8473    
    151             22           8495    
    152             22           8517    
    153             22           8539    
    154             22           8561    
    155             33           8594    
    156             33           8627    
    157             33           8660    
    158             33           8693    
    159             34           8727    
    160             45           8772    
    161             57           8829    
    162             57           8886    
    163             68           8954    
    164             68           9022    
    165             79           9101    
    166             79           9180    
    167             79           9259    
    168             79           9338    
    169             79           9417    
    170             79           9496    

Scene                        Shape Bytes    Text Bytes    ActionScript Bytes
-------------------------    -----------    ----------    ------------------
Scene 1                              621           495                     0

Symbol                       Shape Bytes    Text Bytes    ActionScript Bytes
-------------------------    -----------    ----------    ------------------
pachume Blob                         107             0                     0
pachume Blob Student                 107             0                     0
pachume                                0             0                     0

Font Name                 Bytes        Characters    
----------------------    ---------    --------------
arial Bold                     2091     '/:GPSabcdefhilmnoprstuvwy

Bitmap                     Compressed    Compression
-----------------------    ----------  --------  -----------
Untitled.png                    1214       13440   Lossless




